    6   18
       18.8793753714       18.1868800798        9.9112188805
       -1.0077329621       -0.3670417283        1.4491725285
        1.8840526216        0.1378214126       -1.3816558779
        3.8397450394       -9.5806867163       -0.9787483855
      -17.3374060182       -5.5202758518       -7.2285400654
       -6.2580329415       -2.8566966015       -1.7714469159
       17.3311474365       57.4276391594       -0.0091035366
       -0.5892937507       -0.0232964833        0.4422409649
        0.0731254234        2.2915090444       -0.2599760328
       -4.4472518449      -38.3976088138       -4.6094881534
       -7.8455135445        7.0516632630        1.6784918610
       -4.5222139915      -28.3499037489        2.7578349703
        8.1160328414        2.1142589141       30.9621083773
        0.3353495890       -0.0099069177       -2.8526735212
       -0.8197616532        0.0105577718        1.4524147694
        1.9363281349       -2.9543841661      -11.2674235911
       -8.2913576811        1.2004341075       -7.7549589919
       -1.2765910482       -0.3609595415      -10.5394658757
        2.2121150522       -0.0165607148        1.1254039981
       10.7302723953        0.3115326315        4.6585100294
      -11.2271053204       -0.0091507079       -5.4328233004
        0.4945342624        0.8663635635        2.6184269169
       -2.2024913046       -0.6702607557       -4.1652167609
       -0.0073240554       -0.4819241880        1.1956990113
       -0.2873404982        2.0636601139        0.6252693425
        0.5450691201       -5.0875133848       -0.0924602798
       -0.1071760761        4.0232531924       -0.0436438258
        0.1837682466       -0.4490301411        0.9180586808
       -0.3482768425        0.1268393116       -1.1622119388
        0.0139560087       -0.6772089649       -0.2450119932
       -0.4668545069        0.1314594386       -1.3162773656
        4.1319377368       -0.1266730397        1.6986268574
       -3.8568108055        0.2178459870        0.1878481510
        1.4419685559        0.5390067613        1.0701552695
       -1.6747991703       -0.2309744626       -2.5119518488
        0.4245583865       -0.5306647626        0.8715984817
        0.1913045647       -0.2190465011       -1.0736095490
       -9.9532023463        0.0876794074       -5.3023439823
        9.3554225340        0.0232370026        5.6409921077
       -0.1093634564       -1.1730868163       -3.2883242139
        0.3962482754        0.8174937976        5.3779235413
        0.1195893233        0.4637232507       -1.3546378309
        0.0472250970        1.5232936298       -0.2358701364
        0.0166708633        4.6728671794        0.0892289564
        0.0582991690       -5.4288783495        0.0168251516
       -0.0978244137        1.0788591306       -1.0925136036
        0.2480865802       -2.3309999327        0.8672828321
       -0.2724572755        0.4848580994        0.3550468162
       -0.5103552003       -0.1277183585        0.3393163492
       -3.9689948413        0.2664427232        1.4473935202
        4.0899658359       -0.2229123115       -1.8030678601
       -1.8685936690       -0.1561977034       -0.3899727936
        2.7491881196        0.0653794994        0.6824042131
       -0.4912105001        0.1750062103       -0.2760733284
       -0.6223689645       -8.1397510647       -4.8837158237
       -0.6731203926       -0.1734987055        0.0603210681
        1.0252951450       -0.0206593565       -0.5088114332
      -16.4119676331       23.3370364136       12.6926485308
       15.0917309302      -13.7411923643       -6.5425463526
        1.5904302119       -1.2619345836       -0.8178957742
       -9.4929530642      -31.7823790737       -0.5130367046
       -0.1031545417       -0.3722478498        0.5297716837
       -0.3227994245        0.6167108826       -0.8891288625
       24.5890287789       52.7728689713        1.9346418577
      -13.8096905669      -22.3179281236       -1.0475896683
       -0.8604307958        1.0829737303       -0.0146582587
       -3.4986202538        0.8800536269      -10.8389309703
       -0.0732703762        0.2622908663       -0.1040622981
       -0.3313713496       -0.5814823739       -0.0585951763
        7.6424129801        0.0042675693       29.1175200855
       -2.8233293614       -0.7041422183      -17.2395454136
       -0.9158213657        0.1390126329       -0.8763857736
      -14.2559832171       -5.5428293682       -1.5546625128
        1.3727224859       -0.0063736914       -0.8717246575
       -1.5568878752        0.1891619066        1.7563698043
       10.8397204289      -14.0803483801      -10.9516027611
        1.6328314286       18.0181211620       12.6379877122
        1.9675971252        1.4222674772       -1.0163679538
       -2.4225369862       -2.9559787417       -1.0695436351
        0.0421323607        1.0585407115       -0.2727017828
        0.2643585612       -1.6614492202        0.3458571248
      -20.1730392325      -15.6526169670        2.6701109364
       20.7253896944       17.1803297188       -0.7437935785
        1.5636948500        2.0311746780       -0.9299291110
       -1.0639883528       -2.5702693114       -9.1212840398
       -0.3673546539       -0.2179993298       -0.5227521229
        0.9357758703        0.2766962272        0.4377557281
       -8.8411084606        2.8525101178      -17.6167088135
        9.7666931236       -0.4158447836       26.9633606992
       -0.4300178724        0.0749067804       -0.1403723136
       -6.4044428065       -4.2686924312       -3.5246349931
       -0.4689391803        0.1477020861        0.0060650136
        0.5192228951       -0.3204102573       -0.0740713005
        1.3473313588        0.6307219356       -0.0924000872
        2.4190866884        1.0961140122       -0.0796080743
        2.5877403364        2.7145646455        3.7646494638
       -5.1755419850      -26.2762350876        1.2022846705
        0.0885759482       -0.2483501729       -0.6960795425
        0.0341923470        0.1588544503        0.8300664449
       -0.0546815345        0.6475278199        0.1791902821
        1.0300046793        0.2900957627        0.4078204925
        4.0774512043       25.4281062061       -1.9232824235
       -2.5762145277       -0.4277843098      -10.0249323508
       -0.0576674544       -0.1741543024        0.3334675645
       -0.0177978977        0.2992946994       -0.2163556120
       -0.3110075412       -0.2852025787       -0.9135701567
        0.2736049697        0.0851478575       -0.1393086581
        2.6890823998        0.5026986806       10.9606988099
