    6   18
       33.2492131027       -7.2494093006        5.5347279406
       -1.1529704516       -1.4348821181        0.9078611266
        0.1281912394        0.7540702095       -0.7849290011
      -11.8009026774        3.9957670826       -1.7858038889
       -9.6648709862        2.2581949205       -1.2647454541
      -10.7586602269        1.6762592058       -2.6071107234
       -8.0709750867       60.5671796412       12.0165738444
       -0.1611384689        1.8444660453       -0.0743778979
        0.3733181604        1.1405510627        0.6740412151
        1.9538355971      -29.7496844809      -12.1852324760
        3.4951384891       -9.6693412964        7.9257402978
        2.4098213092      -24.1331709720       -8.3567449833
        2.7939485818       12.5426893584       13.4527301642
       -0.1645784039        0.2083014761        2.2680022068
       -0.3525537345        0.4134028865        0.7851722416
       -1.5364262069      -10.9774772684       -1.6930918502
        0.2680640282        5.0361678492       -6.9990337161
       -1.0084542647       -7.2230843018       -7.8137790461
       -2.5879676705       -1.2839137223        1.1121502549
        2.9335237252       -2.9451916504        4.8373538665
        0.1190414504        3.4913728906       -5.5800064844
       -0.0923044048       -0.4082487875       -0.2960846277
       -0.6607847805        0.5199640031       -0.3892289246
        0.2884916802        0.6260172667        0.3158159151
       -0.3078180387       -0.9144792290        0.6464155256
       -2.6019686586       -0.2625874358       -6.7342369518
        2.5933585977        0.6972797242        6.0305086633
       -0.1068636167       -0.6499250447        0.2132540015
        0.1970605238        1.2603120460       -0.2000676373
        0.2262311927       -0.1306000607        0.0441263989
        0.4177095686        0.8901870567       -0.3812560670
        4.4423137605       -6.9774024846        4.6704495787
       -4.5799914372        6.1188664556       -4.6492628213
       -0.2524215115        0.1732355786       -0.4072010910
        0.0030563082       -0.2398160349        1.3089838091
       -0.0306666886        0.0349294287       -0.5417134082
        1.1778027667        0.8986898312       -0.9470469096
       -1.1487495329        3.6734180641       -5.6195661527
       -0.4162080633       -3.7450055549        5.7755748856
       -0.1912894488        0.9447667298        0.2060591571
        0.7614591009       -1.0723300556        1.0466087301
       -0.1830148225       -0.6995390146       -0.4616297107
        0.3557508812        2.3920085999       -0.0130622614
        2.5678462219       -0.2335998633        6.3462581001
       -2.6768731033       -1.3525327438       -6.1284165417
        0.5653736799        0.7386544154       -0.3167055097
       -0.5497821401       -1.5943150623        0.0726054199
       -0.2623155396        0.0497846541        0.0393207927
       -0.6370325971        0.0339234054        2.0581650689
       -4.4676100028        6.4581026773       -5.6336545808
        4.6262983728       -6.1798214596        3.8922171314
        0.1544101740       -0.0505978960        1.0360458847
        0.4121489199       -0.0180400228       -1.9477254059
       -0.0882148667       -0.2435667043        0.5949519018
      -11.2119312464        4.5889308077        3.8487899933
        1.6155962717       -2.1234835043        1.5880305511
       -1.0720264250        2.6472604432       -2.0786735307
       31.2002059457       -8.8241067236        2.9236330783
      -19.6042609110        4.0140552578       -6.3395820744
       -0.9275836349       -0.3026562808        0.0578019824
        2.0455561544      -31.1513784612      -14.2243040079
       -1.2130783479        0.0029119929       -0.7105559966
        1.1759570642        0.4932481951        1.0211631369
       -4.2984046368       52.1716669914       24.5916707687
        2.1478097592      -22.6558814837       -9.8724296244
        0.1421600068        1.1394327653       -0.8055442767
        5.8407916849      -19.4350974735       -3.4619776579
        0.7573800358       -0.0214600874       -0.5028488737
       -1.3165096379       -0.1202763433        1.1583011104
       -0.0752470776       23.4412589615      -17.8934515133
       -5.2739162632       -3.7905038114       19.8305370431
        0.0675012580       -0.0739212458        0.8694398915
       -9.8017357335        3.6895798791       -7.5814898849
       -3.2813583437        3.1729507355       -2.7452617607
        1.7245212170       -3.5660163801        3.9080258092
      -18.0590251865        3.9527839854       -0.6501121300
       29.4685464948       -6.6463673542        7.1497199320
       -0.0509484481       -0.6029308659       -0.0808819654
        4.4736477356       -6.0317504121       11.5939002035
        1.0408225332       -0.6541537178        1.0680405738
       -1.4848939906       -1.4880274577       -1.2323480992
        1.5836349059      -22.8415949930      -12.5868643091
       -5.0729148093       29.1581450692        2.5613954388
       -0.5402963748        1.8573815114       -1.4041238079
       -8.4202937790       13.9276732111       -2.2072156014
       -1.1652638740        0.7065261760       -0.6520917802
        2.1184257727       -0.6460164858       -1.4888412035
        2.2349488535      -12.4498280255       16.4348775725
        4.8486919869       -0.2512018339      -12.8501697173
        0.3834910400       -1.2871530418        0.7634407296
      -10.8253800000       -0.6438776514       -1.9671312963
        1.0339579086       -0.3428115660        1.0315824321
       -0.4835193575        0.4183184236       -1.2399917431
       -1.0566837263        0.3390376430       -0.3976915492
       -0.3000898660        0.9264834441       -0.2027723380
       11.6317150414       -0.6971502935        2.7760044946
        1.5038380332      -24.8615780182      -10.0195231573
        0.3675165762       -0.6970367194        0.1048718672
        0.0191334411        0.5094807941       -0.3649480782
        0.3024239257        0.3308821915        0.2838770857
       -0.2173113985        3.5010802695       -0.4872436624
       -1.9756005776       21.2171714825       10.4829659449
        0.0048765190       -7.9593745638       -9.4604445480
        0.5977588452       -0.3740681741       -0.1498557278
       -0.4956697074        0.4138453471        0.3024126577
       -0.5252641701       -0.1365918407        2.5228197033
       -0.2580449368       -0.7366060216        0.6574090860
        0.6763434498        8.7927952533        6.1276588285
