0.182929390046E+01 -.898346938260E+00 -.818124107982E+00
0.163902793230E+00 0.177528412134E+01 0.140837219810E+01
-.701694045524E+00 -.162483111767E+01 -.159551891683E+01
-.596113512254E+00 0.111201159005E+00 0.943603083908E-01
0.240522200205E+00 0.114512798187E+02 0.118002176232E+01
0.162222726819E+01 0.177905184194E+01 -.555139514580E+00
-.267898305412E+01 -.218174374845E+01 0.537605080596E+00
0.867218738875E+00 0.153070496521E+01 -.234501772416E+00
0.626975593697E+00 -.253043232593E+01 -.496448794311E+01
0.138338902749E+01 0.647450777926E+01 0.626991926338E+01
-.456448076079E+01 -.680821666705E+01 -.612718147577E+01
-.438091129546E-01 0.916179152132E+00 -.556199967222E+00
0.129861001680E+01 -.541253096122E+00 0.333675752073E+01
0.577010338066E+02 -.445391827760E+01 -.506214435663E+01
-.200456728136E+02 -.187892167822E+01 0.237659603196E+02
0.322152596204E+00 -.662022212825E+01 -.119201186882E+02
0.253151708189E+01 -.318051892765E+01 0.686850145897E+01
-.115640578013E+02 0.971289222199E+02 0.205677531460E+02
-.409164673164E+01 -.610127969950E+02 -.260373614067E+02
-.499968866550E+01 0.238792743387E+02 0.158757256741E+02
0.990387482164E+00 -.208891991703E+01 0.216203872236E+01
0.267301437130E+00 0.328570043910E+02 -.677672155405E+02
0.265457656046E+02 -.414720466334E+02 0.462741836047E+02
0.964203600515E-01 0.115266760781E+02 0.168290060984E+02
-.187002401288E+01 0.177220905073E+01 -.689300306101E+01
-.206856585122E+02 -.168064221913E+02 0.148995459189E+02
0.260400603075E+02 0.235532968770E+02 -.217769557766E+02
-.248705237442E+01 -.150172246985E+01 0.196070125853E+01
-.464705974415E+01 0.280288496537E+01 -.862361672429E+01
0.437690823250E+01 -.579146479266E+02 -.399358312470E+02
0.195951432963E+02 0.596174158895E+02 0.436169031113E+02
0.181297647701E+01 -.163698944659E+01 -.101392042891E+02
-.999947551218E+00 0.204477257991E+01 -.441840457767E+01
0.138745466031E+02 -.367900917312E+02 0.564811526483E+02
-.286543169459E+02 0.510814737674E+02 -.283129159351E+02
0.392427274033E+01 -.917806260924E+01 -.288305595515E+02
-.878488589293E-01 0.474726167213E+00 0.105828178013E+01
-.107814556844E+00 -.385767450537E+01 -.738609367057E+00
-.119502005866E+01 0.370256653983E+00 0.534211562371E+00
0.238773338863E+02 -.486619639952E+01 0.681435573879E+00
0.631206701403E+00 -.652776150228E+00 0.134276897220E+01
-.654472026846E+01 0.242664397040E+02 0.698973638984E+01
0.805176205293E+00 -.383535114599E+01 -.336790248965E+01
-.790388497171E+01 0.357641252516E+02 -.836147206916E+01
-.155713255414E-01 -.174030479945E-01 0.201182939919E+01
-.108693561793E+02 0.158992718274E+02 0.918037360676E+01
-.545047910444E+00 -.160767244693E+02 -.209384912774E+02
-.186637728538E+01 -.900457038781E+01 0.114302231736E+02
