1.42343247   0.95572104   1.09104860   1.09074780   1.09074780   108.78753620   112.03585638   109.48161644   109.48161644   0.00000000   120.37932608   239.62067392   120.00000000
1.42338158   0.95573483   1.09107094   1.09064552   1.09088142   108.78418073   112.03505094   109.33822453   109.62996052   2.50000000   122.81275380   242.05383979   122.45553120
1.42333578   0.95576086   1.09108973   1.09042181   1.09110286   108.77837733   112.03325888   109.18684411   109.77736436   5.00000000   125.23951044   244.47583029   124.90511358
1.42326551   0.95580405   1.09111993   1.09020073   1.09131862   108.76865463   112.03040560   109.03512558   109.92195681   7.50000000   127.66709464   246.89527655   127.35412373
1.42316810   0.95586351   1.09116181   1.08998330   1.09152893   108.75535813   112.02669499   108.88368948   110.06344246   10.00000000   130.09545083   249.31218602   129.80254562
1.42304387   0.95593820   1.09121443   1.08977182   1.09173266   108.73865041   112.02184473   108.73238205   110.20197868   12.50000000   132.52293317   251.72616434   132.24969917
1.42290614   0.95602760   1.09127851   1.08955953   1.09193221   108.71777993   112.01581998   108.58226866   110.33674249   15.00000000   134.95087809   254.13575121   134.69554310
1.42273796   0.95612902   1.09135214   1.08936154   1.09211683   108.69538712   112.01029459   108.43547928   110.46625400   17.50000000   137.38000360   256.54403324   137.14134562
1.42254984   0.95624137   1.09143503   1.08917230   1.09229065   108.67068453   112.00447965   108.29145250   110.59107405   20.00000000   139.80885926   258.94925573   139.58603833
1.42234597   0.95636290   1.09152603   1.08899292   1.09245216   108.64402423   111.99846925   108.15078336   110.71085446   22.50000000   142.23725226   261.35144484   142.02956570
1.42212979   0.95649166   1.09162404   1.08882425   1.09260026   108.61585470   111.99237909   108.01406237   110.82534539   25.00000000   144.66505303   263.75070700   144.47192001
1.42190480   0.95662557   1.09172793   1.08866709   1.09273402   108.58665966   111.98630661   107.88186687   110.93435500   27.50000000   147.09218579   266.14722691   146.91313757
1.42167444   0.95676245   1.09183646   1.08852224   1.09285270   108.55692647   111.98025639   107.75448607   111.03792411   30.00000000   149.51840343   268.54118486   149.35319609
1.42144290   0.95690020   1.09194841   1.08838996   1.09295549   108.52719670   111.97440591   107.63306586   111.13556367   32.50000000   151.94422872   270.93312581   151.79245151
1.42121863   0.95703578   1.09206131   1.08826822   1.09304068   108.49854678   111.96887495   107.51661665   111.22768252   35.00000000   154.36942441   273.32243293   154.23061911
1.42099554   0.95716848   1.09217578   1.08816286   1.09311024   108.47041350   111.96323039   107.40805401   111.31377869   37.50000000   156.79439456   275.71164736   156.66868064
1.42078187   0.95729541   1.09228980   1.08807116   1.09316292   108.44399235   111.95755834   107.30676848   111.39408758   40.00000000   159.21927227   278.10043468   159.10656898
1.42058626   0.95741395   1.09240070   1.08799202   1.09319670   108.41992354   111.95194426   107.21231818   111.46876995   42.50000000   161.64434581   280.48886317   161.54440299
1.42040244   0.95752335   1.09250761   1.08792894   1.09321613   108.39795469   111.94547149   107.12682940   111.53816376   45.00000000   164.06984924   282.87909456   163.98298127
1.42023911   0.95762144   1.09261095   1.08787761   1.09321918   108.37882135   111.93808539   107.04980556   111.60183375   47.50000000   166.49618824   285.27106387   166.42241737
1.42009359   0.95770682   1.09270928   1.08784254   1.09320584   108.36252863   111.92977209   106.98216914   111.66067252   50.00000000   168.92417249   287.66608491   168.86341913
1.41997137   0.95777780   1.09280079   1.08782135   1.09317705   108.34957014   111.92018386   106.92398930   111.71461043   52.50000000   171.35396520   290.06481072   171.30625864
1.41987458   0.95783327   1.09288440   1.08781386   1.09313343   108.34019579   111.90865829   106.87576763   111.76386155   55.00000000   173.78618504   292.46853551   173.75157352
1.41980505   0.95787229   1.09295893   1.08781990   1.09307568   108.33453862   111.89470525   106.83788291   111.80871186   57.50000000   176.22143067   294.87839138   176.19994068
1.41976394   0.95789416   1.09302348   1.08783912   1.09300473   108.33268888   111.87778343   106.81071900   111.84941785   60.00000000   178.66029864   297.29556816   178.65195560
1.41975206   0.95789846   1.09307722   1.08787116   1.09292156   108.33466766   111.85732945   106.79462406   111.88625689   62.50000000   181.10339753   299.72127014   181.10822255
1.41976978   0.95788501   1.09311938   1.08791559   1.09282729   108.34044001   111.83275643   106.78992196   111.91949891   65.00000000   183.55136685   302.15673723   183.56936803
1.41981696   0.95785394   1.09314925   1.08797180   1.09272292   108.34992104   111.80365485   106.79686975   111.94924809   67.50000000   186.00485424   304.60311387   186.03598937
1.41989322   0.95780554   1.09316629   1.08803951   1.09261025   108.36294910   111.76903228   106.81577652   111.97611235   70.00000000   188.46442290   307.06180305   188.50874198
1.41999752   0.95774050   1.09316999   1.08811801   1.09249052   108.37932750   111.72850750   106.84682278   112.00013512   72.50000000   190.93072720   309.53393741   190.98822154
1.42012855   0.95765971   1.09315966   1.08820681   1.09236532   108.39888993   111.68138912   106.89030744   112.02150008   75.00000000   193.40418713   312.02087937   193.47502217
1.42029179   0.95756518   1.09313574   1.08830355   1.09223522   108.42058701   111.62787328   106.94549807   112.04020448   77.50000000   195.88567294   314.52288591   195.96951962
1.42046998   0.95745675   1.09309722   1.08841090   1.09210349   108.44532745   111.56660145   107.01372494   112.05672181   80.00000000   198.37549395   317.04183495   198.47244297
1.42066915   0.95733636   1.09304523   1.08852591   1.09197002   108.47259500   111.49758463   107.09393586   112.07107494   82.50000000   200.87376385   319.57816246   200.98397544
1.42088203   0.95720682   1.09297871   1.08864934   1.09183889   108.50092011   111.42039434   107.18649601   112.08329018   85.00000000   203.38132403   322.13273697   203.50468700
1.42112771   0.95706842   1.09289195   1.08877801   1.09170266   108.53271590   111.33362653   107.29041228   112.09311280   87.50000000   205.89760515   324.70651661   206.03470725
1.42136576   0.95692622   1.09279612   1.08891395   1.09157883   108.56291288   111.23878866   107.40692469   112.10143194   90.00000000   208.42326528   327.29887710   208.57404746
1.42160726   0.95678125   1.09268686   1.08905586   1.09146166   108.59326624   111.13524389   107.53479409   112.10781106   92.50000000   210.95793335   329.91014141   211.12269159
1.42184864   0.95663616   1.09256545   1.08920290   1.09135201   108.62309678   111.02350026   107.67308619   112.11195757   95.00000000   213.50171788   332.53974003   213.68048597
1.42209024   0.95649326   1.09242990   1.08935339   1.09125112   108.65241396   110.90267992   107.82157029   112.11405798   97.50000000   216.05351541   335.18777874   216.24709805
1.42232070   0.95635588   1.09228276   1.08950884   1.09116213   108.67985158   110.77350569   107.97966248   112.11419250   100.00000000   218.61289600   337.85298760   218.82196120
1.42253814   0.95622628   1.09212455   1.08966773   1.09108528   108.70531413   110.63639578   108.14619336   112.11218492   102.50000000   221.17909801   340.53418317   221.40442706
1.42273840   0.95610703   1.09195619   1.08982945   1.09102161   108.72832053   110.49184426   108.32013227   112.10800336   105.00000000   223.75112302   343.22982993   223.99365099
1.42291741   0.95600051   1.09177875   1.08999348   1.09097196   108.74845128   110.34044586   108.50037131   112.10165149   107.50000000   226.32783318   345.93813554   226.58865624
1.42307147   0.95590888   1.09159358   1.09015893   1.09093725   108.76514302   110.18329096   108.68563250   112.09275603   110.00000000   228.90848039   348.65662346   229.18836795
1.42321342   0.95583446   1.09140140   1.09032412   1.09091495   108.77666422   110.02071642   108.87418082   112.08100188   112.50000000   231.49106066   351.38328946   231.79145004
1.42331098   0.95577809   1.09120404   1.09049161   1.09090973   108.78598305   109.85348632   109.06554639   112.06840078   115.00000000   234.07363957   354.11595771   234.39653243
1.42337390   0.95574109   1.09100320   1.09065932   1.09091981   108.79139168   109.68282362   109.25796448   112.05414338   117.50000000   236.65511380   356.85163193   237.00224858
1.42340232   0.95572429   1.09079995   1.09082653   1.09094473   108.79270861   109.50967373   109.44998693   112.03844052   120.00000000   239.23391400   359.58759682   239.60717027
1.42339588   0.95572803   1.09059569   1.09099263   1.09098391   108.78990056   109.33503992   109.64022274   112.02159025   122.50000000   241.80850066   362.32113350   242.20987805
1.42335487   0.95575217   1.09039181   1.09115694   1.09103658   108.78302507   109.15995383   109.82732597   112.00393768   125.00000000   244.37741269   365.04959590   244.80900286
1.42328028   0.95579616   1.09018963   1.09131885   1.09110178   108.77222246   108.98543646   110.01001185   111.98587077   127.50000000   246.93927361   367.77044258   247.40323873
1.42317383   0.95585897   1.08999046   1.09147777   1.09117843   108.75770388   108.81247104   110.18709638   111.96781682   130.00000000   249.49281702   370.48129945   249.99137216
1.42303785   0.95593934   1.08979542   1.09163293   1.09126510   108.73985640   108.64206382   110.35747301   111.95015741   132.50000000   252.03701706   373.18004033   252.57235246
1.42287540   0.95603552   1.08960549   1.09178379   1.09136042   108.71885343   108.47512007   110.52021361   111.93332171   135.00000000   254.57095717   375.86481729   255.14525816
1.42268987   0.95614556   1.08942175   1.09192968   1.09146299   108.69518406   108.31250341   110.67452185   111.91766761   137.50000000   257.09400292   378.53408881   257.70936391
1.42247787   0.95626674   1.08924583   1.09207180   1.09157224   108.66968621   108.15531152   110.81979083   111.90407372   140.00000000   259.60545760   381.18658633   260.26401464
1.42225694   0.95639761   1.08907703   1.09220603   1.09168480   108.64211553   108.00373740   110.95546648   111.89172707   142.50000000   262.10562679   383.82148252   262.80903644
1.42202568   0.95653542   1.08891647   1.09233323   1.09179973   108.61328597   107.85875888   111.08116129   111.88131130   145.00000000   264.59430071   386.43813685   265.34414585
1.42178451   0.95667759   1.08876667   1.09245451   1.09191596   108.58355261   107.72161746   111.19680741   111.87286696   147.50000000   267.07192411   389.03615123   267.86935844
1.42154319   0.95682111   1.08862501   1.09256689   1.09203198   108.55378041   107.59132405   111.30224570   111.86681675   150.00000000   269.53807690   391.61579876   270.38462522
1.42130406   0.95696388   1.08849337   1.09267048   1.09214600   108.52439918   107.46996218   111.39717879   111.86287966   152.50000000   271.99424922   394.17692350   272.89039091
1.42107053   0.95710337   1.08837213   1.09276518   1.09225688   108.49583790   107.35752956   111.48199828   111.86096791   155.00000000   274.44087087   396.72012539   275.38699875
1.42084332   0.95723747   1.08826259   1.09285182   1.09236366   108.46827747   107.25472201   111.55714102   111.86084735   157.50000000   276.87887565   399.24600987   277.87496184
1.42063183   0.95736334   1.08816329   1.09292756   1.09246452   108.44280724   107.16098231   111.62273583   111.86218635   160.00000000   279.30908850   401.75560062   280.35489637
1.42042851   0.95748047   1.08807710   1.09299453   1.09256193   108.41889012   107.07866057   111.67910221   111.86507823   162.50000000   281.73288864   404.24901540   282.82730134
1.42025060   0.95758499   1.08800005   1.09305002   1.09264928   108.39773580   107.00600283   111.72672027   111.86862623   165.00000000   284.15131518   406.72879040   285.29336853
1.42010267   0.95767658   1.08793476   1.09309144   1.09272631   108.37931084   106.94420161   111.76595922   111.87159094   167.50000000   286.56659106   409.19502025   287.75387044
1.41997940   0.95775438   1.08788121   1.09312349   1.09279438   108.36310046   106.89307861   111.79788549   111.87519121   170.00000000   288.97843783   411.64911319   290.20918367
1.41988295   0.95781554   1.08783875   1.09314357   1.09285148   108.35087364   106.85303633   111.82363058   111.87614204   172.50000000   291.38944760   414.09285615   292.66076792
1.41980788   0.95785997   1.08780874   1.09315361   1.09289949   108.34199908   106.82445831   111.84318476   111.87633815   175.00000000   293.80059118   416.52788905   295.10949341
1.41976061   0.95788710   1.08779084   1.09315238   1.09293680   108.33659247   106.80732943   111.85742339   111.87415134   177.50000000   296.21351497   418.95527649   297.55626382
1.41974243   0.95789655   1.08778494   1.09313982   1.09296293   108.33468877   106.80170101   111.86704909   111.86883866   180.00000000   298.62968583   421.37645329   300.00204637
1.41975366   0.95788821   1.08779105   1.09311604   1.09297761   108.33630557   106.80759429   111.87279074   111.85966478   182.50000000   301.05059878   423.79289949   302.44783276
1.41979415   0.95786218   1.08780917   1.09308126   1.09298072   108.34142105   106.82498619   111.87537323   111.84589720   185.00000000   303.47772814   426.20609302   304.89460705
1.41986332   0.95781885   1.08783926   1.09303577   1.09297219   108.34996952   106.85380982   111.87551293   111.82680571   187.50000000   305.91254518   428.61751644   307.34335387
1.41996018   0.95775885   1.08788127   1.09297998   1.09295206   108.36184023   106.89395475   111.87390367   111.80167744   190.00000000   308.35648330   431.02863024   309.79503785
1.42008331   0.95768305   1.08793511   1.09291438   1.09292043   108.37687853   106.94527239   111.87124726   111.76979134   192.50000000   310.81097977   433.44085947   312.25061308
1.42022836   0.95759324   1.08800292   1.09284113   1.09287711   108.39439216   107.00860244   111.86763589   111.73116192   195.00000000   313.27844682   435.85558462   314.71134382
1.42040036   0.95749032   1.08807985   1.09275946   1.09282370   108.41394588   107.08155226   111.86508072   111.68373220   197.50000000   315.75785185   438.27479513   317.17754899
1.42058938   0.95737484   1.08816873   1.09266861   1.09275906   108.43706034   107.16509497   111.86266201   111.62794705   200.00000000   318.25177559   440.69861879   319.65013146
1.42079219   0.95724951   1.08826955   1.09257141   1.09268521   108.46198840   107.25851893   111.86129014   111.56341669   202.50000000   320.76112712   443.12908561   322.13007091
1.42101130   0.95711609   1.08838062   1.09246817   1.09260013   108.48896587   107.36191284   111.86144965   111.48905956   205.00000000   323.28691325   445.56692760   324.61794695
1.42124095   0.95697680   1.08850252   1.09236046   1.09250567   108.51715967   107.47456624   111.86331192   111.40492564   207.50000000   325.82988060   448.01334669   327.11440910
1.42147411   0.95683445   1.08863584   1.09224913   1.09240324   108.54600698   107.59676304   111.86699354   111.31064237   210.00000000   328.39092724   450.46905391   329.61999372
1.42171204   0.95669073   1.08877774   1.09213612   1.09229089   108.57534923   107.72635152   111.87304040   111.20625362   212.50000000   330.97010132   452.93558801   332.13522978
1.42194911   0.95654855   1.08892916   1.09202214   1.09217016   108.60464614   107.86414559   111.88118374   111.09127790   215.00000000   333.56799495   455.41273530   334.66024341
1.42218049   0.95641045   1.08908947   1.09190892   1.09204195   108.63325970   108.00917153   111.89143284   110.96602774   217.50000000   336.18447123   457.90119838   337.19522320
1.42240189   0.95627900   1.08925809   1.09179792   1.09190688   108.66068313   108.16078942   111.90366202   110.83070909   220.00000000   338.81922918   460.40119256   339.74014058
1.42260922   0.95615687   1.08943419   1.09169051   1.09176545   108.68642955   108.31830780   111.91764438   110.68569153   222.50000000   341.47167305   462.91271206   342.29479504
1.42279832   0.95604627   1.08961727   1.09158857   1.09161853   108.70998976   108.48092543   111.93310657   110.53155416   225.00000000   344.14080883   465.43551866   344.85877583
1.42296526   0.95594936   1.08980633   1.09149348   1.09146665   108.73088814   108.64777685   111.94968811   110.36897487   227.50000000   346.82538681   467.96917737   347.43152139
1.42310635   0.95586807   1.09000043   1.09140673   1.09131046   108.74876333   108.81797807   111.96703579   110.19872876   230.00000000   349.52384214   470.51300870   350.01228361
1.42321874   0.95580391   1.09019844   1.09132986   1.09115073   108.76308502   108.99085835   111.98483618   110.02140473   232.50000000   352.23447082   473.06614694   352.60020592
1.42330010   0.95575882   1.09039919   1.09126388   1.09098815   108.77376144   109.16508717   112.00253614   109.83873136   235.00000000   354.95498967   475.62762337   355.19420435
1.42334837   0.95573357   1.09060147   1.09120993   1.09082332   108.78052938   109.33986440   112.01978487   109.65157597   237.50000000   357.68313462   478.19615228   357.79309563
1.42336231   0.95572871   1.09080401   1.09116909   1.09065700   108.78324436   109.51415668   112.03622713   109.46123035   240.00000000   360.41639370   480.77040752   360.39560041
1.42334144   0.95574438   1.09100549   1.09114220   1.09048982   108.78185015   109.68694669   112.05152644   109.26904168   242.50000000   363.15212282   483.34892504   363.00034929
1.42328605   0.95578028   1.09120458   1.09112987   1.09032243   108.77637645   109.85722549   112.06538935   109.07640884   245.00000000   365.88758939   485.93016272   365.60591737
1.42319720   0.95583569   1.09139989   1.09113248   1.09015542   108.76692759   110.02401214   112.07757352   108.88473858   247.50000000   368.62007651   488.51255601   368.21087751
1.42307671   0.95590945   1.09159008   1.09115016   1.08998936   108.75369119   110.18636820   112.08789177   108.69543987   250.00000000   371.34691837   491.09454708   370.81382182
1.42292706   0.95600005   1.09177403   1.09118289   1.08982475   108.73683268   110.34357133   112.09602161   108.50984970   252.50000000   374.06572632   493.67436229   373.41336287
1.42276332   0.95610592   1.09195017   1.09122969   1.08966057   108.71499776   110.49478808   112.10138977   108.32873476   255.00000000   376.77451069   496.25099859   376.00850309
1.42256602   0.95622428   1.09211700   1.09129123   1.08950052   108.69215316   110.63876647   112.10559303   108.15452392   257.50000000   379.47000054   498.82323050   378.59774368
1.42234892   0.95635297   1.09227427   1.09136618   1.08934356   108.66701641   110.77538041   112.10771834   107.98776900   260.00000000   382.15101447   501.38963934   381.18021794
1.42211764   0.95648956   1.09242075   1.09145341   1.08919016   108.63998341   110.90409521   112.10775470   107.82945816   262.50000000   384.81603597   503.94924020   383.75509206
1.42187684   0.95663143   1.09255560   1.09155167   1.08904080   108.61155014   111.02453243   112.10573626   107.68049182   265.00000000   387.46386186   506.50120957   386.32169048
1.42163035   0.95677597   1.09267900   1.09165922   1.08889610   108.58211232   111.13675418   112.10158403   107.54141513   267.50000000   390.09376150   509.04463730   388.87946627
1.42138716   0.95692009   1.09278806   1.09177444   1.08875537   108.55276164   111.23997444   112.09548317   107.41300943   270.00000000   392.70487900   511.57959062   391.42815654
1.42114534   0.95706194   1.09288407   1.09189714   1.08862132   108.52327504   111.33448234   112.08753849   107.29627687   272.50000000   395.29706863   514.10555755   393.96754206
1.42091150   0.95719875   1.09296637   1.09202477   1.08849356   108.49448656   111.42039452   112.07764282   107.19129221   275.00000000   397.87037629   516.62238083   396.49758571
1.42068914   0.95732830   1.09303505   1.09215553   1.08837280   108.46675067   111.49798818   112.06573087   107.09832979   277.50000000   400.42509480   519.13004941   399.01838140
1.42048815   0.95744773   1.09308818   1.09228651   1.08825782   108.44126960   111.56718127   112.05171783   107.01717500   280.00000000   402.96171931   521.62888159   401.53020030
1.42030393   0.95755605   1.09312887   1.09241696   1.08815159   108.41768858   111.62925931   112.03544455   106.94855880   282.50000000   405.48138765   524.11892931   404.03343899
1.42013908   0.95765162   1.09315467   1.09254687   1.08805509   108.39624402   111.68334977   112.01711608   106.89272923   285.00000000   407.98392999   526.60076195   406.52823064
1.42001089   0.95773259   1.09316199   1.09266605   1.08796989   108.37870230   111.72994527   111.99526742   106.84921041   287.50000000   410.47034245   529.07454665   409.01496303
1.41990810   0.95779880   1.09316025   1.09278505   1.08789051   108.36215495   111.77135440   111.97165906   106.81711105   290.00000000   412.94336890   531.54096091   411.49477661
1.41982311   0.95784793   1.09314514   1.09289875   1.08782383   108.34960852   111.80645614   111.94520951   106.79812844   292.50000000   415.40250294   534.00088415   413.96779570
1.41976597   0.95787964   1.09311751   1.09300471   1.08776849   108.34065746   111.83617340   111.91581913   106.79113665   295.00000000   417.84931030   536.45463856   416.43464962
1.41973825   0.95789371   1.09307764   1.09310104   1.08772485   108.33540707   111.86120851   111.88308213   106.79584144   297.50000000   420.28513816   538.90288367   418.89600728
1.41974027   0.95789003   1.09302613   1.09318644   1.08769338   108.33394367   111.88214651   111.84672650   106.81194947   300.00000000   422.71122539   541.34625190   421.35249243
1.41977176   0.95786875   1.09296371   1.09325973   1.08767452   108.33629919   111.89956531   111.80648019   106.83913433   302.50000000   425.12881333   543.78538477   423.80473270
1.41983200   0.95783030   1.09289121   1.09331981   1.08766869   108.34244247   111.91402610   111.76206977   106.87703992   305.00000000   427.53911878   546.22090370   426.25334083
1.41991987   0.95777533   1.09280964   1.09336580   1.08767616   108.35228905   111.92605090   111.71323002   106.92529315   307.50000000   429.94332173   548.65342214   428.69891462
1.42003376   0.95770474   1.09271980   1.09339675   1.08769732   108.36565747   111.93611589   111.65972160   106.98346977   310.00000000   432.34256226   551.08349516   431.14201914
1.42017159   0.95761962   1.09262291   1.09341212   1.08773234   108.38236202   111.94455188   111.60120759   107.05121595   312.50000000   434.73780598   553.51160217   433.58313605
1.42033153   0.95752151   1.09251998   1.09341128   1.08778109   108.40211636   111.95216026   111.53746208   107.12800489   315.00000000   437.13027923   555.93829174   436.02285699
1.42051234   0.95741184   1.09241034   1.09339437   1.08784417   108.42483220   111.95870775   111.46873243   107.21342737   317.50000000   439.52027086   558.36431115   438.46152734
1.42071224   0.95729251   1.09229810   1.09336047   1.08791878   108.45008702   111.96479641   111.39383477   107.30692660   320.00000000   441.90972646   560.78984989   440.89985878
1.42092186   0.95716564   1.09218488   1.09330890   1.08800917   108.47689569   111.97093694   111.31354847   107.40826595   322.50000000   444.29893276   563.21478769   443.33790682
1.42114141   0.95703290   1.09207105   1.09324034   1.08811331   108.50527736   111.97699509   111.22749620   107.51679069   325.00000000   446.68854667   565.63982909   445.77612525
1.42137421   0.95689617   1.09195625   1.09315325   1.08822843   108.53476962   111.98316450   111.13587750   107.63079368   327.50000000   449.07997006   568.06514544   448.21503850
1.42160364   0.95675861   1.09184467   1.09305165   1.08835885   108.56439585   111.98920209   111.03839312   107.75212371   330.00000000   451.47229011   570.49103082   450.65444031
1.42183173   0.95662177   1.09173655   1.09293411   1.08850200   108.59400369   111.99528751   110.93528717   107.87900273   332.50000000   453.86670078   572.91763706   453.09477928
1.42205539   0.95648799   1.09163292   1.09280143   1.08865715   108.62297013   112.00137404   110.82656680   108.01104490   335.00000000   456.26350679   575.34484646   455.53611775
1.42227780   0.95635903   1.09153375   1.09265336   1.08881987   108.65128762   112.00719451   110.71314146   108.14626499   337.50000000   458.66423804   577.77330320   457.97918041
1.42248288   0.95623772   1.09144260   1.09249230   1.08899702   108.67763703   112.01293535   110.59362933   108.28688315   340.00000000   461.06652555   580.20176934   460.42276496
1.42267261   0.95612556   1.09135963   1.09231883   1.08918391   108.70201646   112.01837619   110.46913571   108.43088810   342.50000000   463.47180164   582.63071453   462.86750539
1.42284442   0.95602441   1.09128560   1.09213396   1.08937959   108.72399498   112.02335908   110.33991063   108.57769279   345.00000000   465.88001804   585.05990001   465.31330602
1.42299548   0.95593590   1.09122136   1.09193898   1.08958297   108.74320576   112.02774967   110.20630020   108.72668875   347.50000000   468.29117058   587.48914751   467.76010603
1.42312303   0.95586138   1.09116734   1.09173526   1.08979332   108.75923844   112.03126047   110.06923700   108.87670973   350.00000000   470.70524753   589.91905239   470.20809997
1.42324333   0.95580290   1.09112273   1.09152974   1.08999950   108.77088706   112.03329743   109.92917848   109.02709699   352.50000000   473.12375922   592.34989173   472.65788365
1.42332127   0.95576013   1.09109158   1.09131285   1.09021840   108.77984057   112.03519995   109.78475068   109.17887999   355.00000000   475.54297598   594.77791339   475.10696312
1.42336908   0.95573420   1.09107266   1.09109229   1.09043967   108.78518523   112.03619974   109.63779853   109.33040636   357.50000000   477.96442965   597.20481732   477.55641566
1.42338738   0.95572562   1.09106604   1.09086922   1.09066191   108.78674184   112.03621512   109.48879100   109.48105648   360.00000000   480.38786694   599.63031059   480.00605918
