Sa = -1.7558466544600673
Sb =  3.04121561582463