 "MMM"   1.41971382   0.95788718   1.09304099   1.09304099   1.08780095   108.33799162   111.87039774   111.87039774   106.80110051   -61.37594572   61.37594572   180.00000000   60.00000000
 "MMM"   1.41971198   0.95788719   1.09299772   1.09306525   1.08782099   108.33960903   111.88640016   111.86040160   106.79546169   -60.28387300   62.50000000   181.09862816   61.10491839
 "MMM"   1.41973467   0.95787351   1.09290266   1.09310612   1.08786496   108.34511151   111.91938839   111.83557923   106.79078772   -57.84812700   65.00000000   183.54680223   63.56622508
 "MMM"   1.41978696   0.95784219   1.09279784   1.09313472   1.08792065   108.35429788   111.94903066   111.80604514   106.79780983   -55.40137155   67.50000000   186.00048880   66.03303908
 "MMM"   1.41986823   0.95779359   1.09268463   1.09315044   1.08798758   108.36702228   111.97558445   111.77120493   106.81678211   -52.94236794   70.00000000   188.46031221   68.50598142
 "MMM"   1.41997732   0.95772842   1.09256431   1.09315278   1.08806543   108.38307046   111.99929950   111.73045846   106.84791929   -50.46991657   72.50000000   190.92684728   70.98564357
 "MMM"   1.42011275   0.95764761   1.09243870   1.09314140   1.08815347   108.40217006   112.02036123   111.68322017   106.89139024   -47.98301351   75.00000000   193.40057832   73.47252161
 "MMM"   1.42027290   0.95755219   1.09230894   1.09311652   1.08825058   108.42409525   112.03900545   111.62912805   106.94717723   -45.48047775   77.50000000   195.88217841   75.96723355
 "MMM"   1.42045457   0.95744358   1.09217741   1.09307782   1.08835648   108.44856259   112.05550054   111.56752730   107.01530629   -42.96169346   80.00000000   198.37149325   78.46993326
 "MMM"   1.42065644   0.95732360   1.09204545   1.09302427   1.08847025   108.47491409   112.06969857   111.49814985   107.09593170   -40.42503643   82.50000000   200.87013092   80.98169816
 "MMM"   1.42087453   0.95719413   1.09191474   1.09295653   1.08859140   108.50280618   112.08185255   111.42060836   107.18880654   -37.87028229   85.00000000   203.37768688   83.50246820
 "MMM"   1.42110530   0.95705721   1.09178715   1.09287469   1.08871943   108.53187168   112.09197906   111.33457366   107.29374841   -35.29685288   87.50000000   205.89440789   86.03251834
 "MMM"   1.42134485   0.95691518   1.09166427   1.09277909   1.08885366   108.56156576   112.10012508   111.23990440   107.41042905   -32.70453028   90.00000000   208.42026291   88.57191088
 "MMM"   1.42158900   0.95677048   1.09154786   1.09266998   1.08899346   108.59135794   112.10630220   111.13653283   107.53839928   -30.09331207   92.50000000   210.95514421   91.12061071
 "MMM"   1.42183343   0.95662567   1.09143972   1.09254770   1.08913827   108.62077080   112.11046963   111.02448945   107.67711384   -27.46344701   95.00000000   213.49881816   93.67845705
 "MMM"   1.42207361   0.95648342   1.09134098   1.09241321   1.08928749   108.64927261   112.11260362   110.90384855   107.82601012   -24.81547236   97.50000000   216.05072546   96.24508437
 "MMM"   1.42230501   0.95634631   1.09125335   1.09226691   1.08944053   108.67637213   112.11265103   110.77489891   107.98427561   -22.15027447   100.00000000   218.61026967   98.81999840
 "MMM"   1.42252304   0.95621705   1.09117787   1.09210977   1.08959693   108.70152849   112.11058058   110.63802949   108.15098263   -19.46908346   102.50000000   221.17662287   101.40251314
 "MMM"   1.42272333   0.95609817   1.09111564   1.09194271   1.08975618   108.72427405   112.10636453   110.49373029   108.32511678   -16.77341712   105.00000000   223.74878849   103.99179046
 "MMM"   1.42290177   0.95599203   1.09106746   1.09176684   1.08991774   108.74418450   112.10000999   110.34260915   108.50553916   -14.06511533   107.50000000   226.32560199   106.58682889
 "MMM"   1.42305486   0.95590078   1.09103434   1.09158298   1.09008089   108.76073192   112.09143956   110.18550529   108.69097006   -11.34605290   110.00000000   228.90630958   109.18675222
 "MMM"   1.42317894   0.95582639   1.09101576   1.09139311   1.09024566   108.77388624   112.08097247   110.02296863   108.88018992   -8.61905311   112.50000000   231.48837517   111.78977402
 "MMM"   1.42327164   0.95577032   1.09101239   1.09119809   1.09041120   108.78324439   112.06862488   109.85599652   109.07180985   -5.88638247   115.00000000   234.07085696   114.39482483
 "MMM"   1.42333105   0.95573377   1.09102403   1.09099934   1.09057698   108.78863253   112.05457941   109.68553003   109.26442360   -3.15070698   117.50000000   236.65219694   117.00049665
 "MMM"   1.42335670   0.95571670   1.09105635   1.09076706   1.09076706   108.78968120   112.03668649   109.48587656   109.48587566   0.00000000   120.37871392   239.62128631   120.00000008
 "MMM"   1.42334598   0.95572169   1.09109068   1.09059612   1.09090689   108.78714801   112.02245874   109.33808623   109.64699411   2.31875910   122.50000000   241.80521186   122.20799032
 "MMM"   1.42330145   0.95574635   1.09114430   1.09039437   1.09106979   108.78031065   112.00502592   109.16314169   109.83420778   5.04717266   125.00000000   244.37387936   124.80701734
 "MMM"   1.42322352   0.95579086   1.09121019   1.09019427   1.09123047   108.76956595   111.98716846   108.98873256   110.01698328   7.76795571   127.50000000   246.93545972   127.40113848
 "MMM"   1.42311398   0.95585421   1.09128719   1.08999702   1.09138831   108.75513063   111.96929813   108.81586453   110.19411372   10.47875793   130.00000000   249.48873618   129.98916470
 "MMM"   1.42297533   0.95593504   1.09137400   1.08980379   1.09154260   108.73731546   111.95181189   108.64550350   110.36451754   13.17746120   132.50000000   252.03266003   132.57004041
 "MMM"   1.42281054   0.95603169   1.09146924   1.08961566   1.09169271   108.71641443   111.93512152   108.47855443   110.52727189   15.86223076   135.00000000   254.56635443   135.14286173
 "MMM"   1.42262310   0.95614213   1.09157147   1.08943350   1.09183801   108.69286916   111.91959743   108.31589723   110.68155626   18.53150647   137.50000000   257.08915900   137.70688849
 "MMM"   1.42241683   0.95626415   1.09167915   1.08925824   1.09197784   108.66713163   111.90557111   108.15835801   110.82670528   21.18404799   140.00000000   259.60064450   140.26156416
 "MMM"   1.42219580   0.95639537   1.09179073   1.08909063   1.09211157   108.63968511   111.89331984   108.00670001   110.96220855   23.81893538   142.50000000   262.10059573   142.80651037
 "MMM"   1.42196421   0.95653329   1.09190474   1.08893138   1.09223854   108.61105888   111.88305076   107.86163839   111.08769855   26.43556694   145.00000000   264.58902887   145.34153194
 "MMM"   1.42172633   0.95667537   1.09201959   1.08878107   1.09235828   108.58173726   111.87490190   107.72382338   111.20295799   29.03362557   147.50000000   267.06614839   147.86659132
 "MMM"   1.42148635   0.95681901   1.09213387   1.08864031   1.09247013   108.55230880   111.86887058   107.59391206   111.30786251   31.61311318   150.00000000   269.53248575   150.38186631
 "MMM"   1.42124848   0.95696170   1.09224618   1.08850939   1.09257359   108.52320941   111.86501680   107.47235224   111.40251923   34.17420499   152.50000000   271.98843500   152.88754666
 "MMM"   1.42101670   0.95710099   1.09235517   1.08838875   1.09266819   108.49492740   111.86316095   107.35969693   111.48706150   36.71737938   155.00000000   274.43485434   155.38407790
 "MMM"   1.42079473   0.95723455   1.09245959   1.08827872   1.09275341   108.46794588   111.86309924   107.25640566   111.56173199   39.24327700   157.50000000   276.87263563   157.87197088
 "MMM"   1.42058609   0.95736019   1.09255844   1.08817969   1.09282883   108.44277265   111.86446754   107.16288195   111.62687463   41.75281767   160.00000000   279.30298137   160.35193301
 "MMM"   1.42039407   0.95747602   1.09265050   1.08809173   1.09289400   108.41958213   111.86699534   107.07947424   111.68297275   44.24687097   162.50000000   281.72676514   162.82454537
 "MMM"   1.42022160   0.95758019   1.09273487   1.08801508   1.09294862   108.39878386   111.87028022   107.00647708   111.73043719   46.72645379   165.00000000   284.14514243   165.29053207
 "MMM"   1.42007119   0.95767109   1.09281093   1.08794987   1.09299230   108.38070099   111.87363122   106.94422238   111.76997721   49.19308589   167.50000000   286.55978986   167.75095858
 "MMM"   1.41994508   0.95774734   1.09287753   1.08789633   1.09302508   108.36559449   111.87645003   106.89294536   111.80220902   51.64798156   170.00000000   288.97200796   170.20666317
 "MMM"   1.41984502   0.95780785   1.09293435   1.08785463   1.09304630   108.35363044   111.87824839   106.85287390   111.82761738   54.09221691   172.50000000   291.38304663   172.65842118
 "MMM"   1.41977248   0.95785171   1.09298078   1.08782483   1.09305601   108.34497800   111.87830298   106.82414826   111.84697329   56.52732660   175.00000000   293.79443216   175.10725292
 "MMM"   1.41972854   0.95787828   1.09301644   1.08780693   1.09305423   108.33974384   111.87592545   106.80686799   111.86098995   58.95474866   177.50000000   296.20760787   177.55411884
 "MMM"   1.41971382   0.95788718   1.09304099   1.08780095   1.09304099   108.33799169   111.87039737   106.80110048   111.87039730   61.37594729   180.00000000   298.62405510   180.00000080
 "MMM"   1.41972853   0.95787828   1.09305422   1.08780693   1.09301644   108.33974428   111.86099016   106.80686796   111.87592547   63.79239180   182.50000000   301.04525158   182.44588113
 "MMM"   1.41977248   0.95785171   1.09305601   1.08782483   1.09298078   108.34497814   111.84697241   106.82414848   111.87830327   66.20556851   185.00000000   303.47267441   184.89274764
 "MMM"   1.41984502   0.95780785   1.09304630   1.08785463   1.09293435   108.35363042   111.82761721   106.85287370   111.87824889   68.61695475   187.50000000   305.90778387   187.34157954
 "MMM"   1.41994508   0.95774734   1.09302509   1.08789633   1.09287754   108.36559477   111.80220808   106.89294530   111.87644965   71.02799219   190.00000000   308.35201832   189.79333684
 "MMM"   1.42007119   0.95767109   1.09299230   1.08794987   1.09281093   108.38070100   111.76997761   106.94422242   111.87363039   73.44020910   192.50000000   310.80691363   192.24904091
 "MMM"   1.42022160   0.95758019   1.09294862   1.08801508   1.09273487   108.39878352   111.73043664   107.00647719   111.87028038   75.85485836   195.00000000   313.27354640   194.70946825
 "MMM"   1.42039407   0.95747602   1.09289400   1.08809173   1.09265050   108.41958211   111.68297258   107.07947443   111.86699618   78.27323581   197.50000000   315.75313022   197.17545534
 "MMM"   1.42058609   0.95736019   1.09282883   1.08817969   1.09255844   108.44277228   111.62687459   107.16288188   111.86446717   80.69701913   200.00000000   318.24718187   199.64806700
 "MMM"   1.42079473   0.95723455   1.09275341   1.08827872   1.09245959   108.46794563   111.56173184   107.25640539   111.86309923   83.12736535   202.50000000   320.75672324   202.12802953
 "MMM"   1.42101670   0.95710099   1.09266819   1.08838875   1.09235517   108.49492744   111.48706142   107.35969741   111.86315974   85.56514380   205.00000000   323.28262066   204.61592149
 "MMM"   1.42124849   0.95696170   1.09257359   1.08850939   1.09224618   108.52320903   111.40251961   107.47235238   111.86501608   88.01156401   207.50000000   325.82579454   207.11245285
 "MMM"   1.42148635   0.95681901   1.09247013   1.08864031   1.09213387   108.55230916   111.30786172   107.59391219   111.86887114   90.46751414   210.00000000   328.38688749   209.61813388
 "MMM"   1.42172632   0.95667537   1.09235828   1.08878107   1.09201959   108.58173746   111.20295762   107.72382396   111.87490133   92.93385157   212.50000000   330.96637553   212.13340904
 "MMM"   1.42196421   0.95653329   1.09223854   1.08893138   1.09190474   108.61105887   111.08769804   107.86163858   111.88305096   95.41097270   215.00000000   333.56443395   214.65846888
 "MMM"   1.42219580   0.95639537   1.09211157   1.08909063   1.09179073   108.63968488   110.96220893   108.00670010   111.89331953   97.89940452   217.50000000   336.18106474   217.19348975
 "MMM"   1.42241684   0.95626415   1.09197783   1.08925823   1.09167915   108.66713120   110.82670603   108.15835781   111.90557091   100.39935694   220.00000000   338.81595312   219.73843669
 "MMM"   1.42262310   0.95614213   1.09183801   1.08943350   1.09157147   108.69286909   110.68155642   108.31589696   111.91959816   102.91084265   222.50000000   341.46849465   222.29311243
 "MMM"   1.42281053   0.95603169   1.09169271   1.08961566   1.09146924   108.71641460   110.52727220   108.47855440   111.93512143   105.43364509   225.00000000   344.13776853   224.85713787
 "MMM"   1.42297533   0.95593504   1.09154260   1.08980379   1.09137400   108.73731573   110.36451738   108.64550291   111.95181177   107.96733895   227.50000000   346.82253738   227.42995878
 "MMM"   1.42311398   0.95585421   1.09138830   1.08999702   1.09128719   108.75513028   110.19411401   108.81586463   111.96929846   110.51126334   230.00000000   349.52124133   230.01083489
 "MMM"   1.42322352   0.95579085   1.09123047   1.09019426   1.09121018   108.76956596   110.01698375   108.98873297   111.98716874   113.06454018   232.50000000   352.23204430   232.59886150
 "MMM"   1.42330146   0.95574635   1.09106979   1.09039437   1.09114430   108.78031002   109.83420751   109.16314187   112.00502631   115.62612031   235.00000000   354.95282775   235.19298269
 "MMM"   1.42334598   0.95572169   1.09090689   1.09059612   1.09109068   108.78714830   109.64699371   109.33808665   112.02245842   118.19478783   237.50000000   357.68124119   237.79200967
 "MMM"   1.42335670   0.95571670   1.09076706   1.09076706   1.09105635   108.78968158   109.48587622   109.48587628   112.03668600   120.37871275   239.62128546   360.00000000   239.99999940
 "MMM"   1.42333105   0.95573377   1.09057698   1.09099934   1.09102403   108.78863168   109.26442301   109.68553053   112.05457929   123.34780233   242.50000000   363.15070724   242.99950319
 "MMM"   1.42327164   0.95577032   1.09041120   1.09119810   1.09101239   108.78324410   109.07180989   109.85599690   112.06862468   125.92914244   245.00000000   365.88638199   245.60517481
 "MMM"   1.42317894   0.95582639   1.09024566   1.09139311   1.09101576   108.77388624   108.88019058   110.02296852   112.08097239   128.51162447   247.50000000   368.61905227   248.21022558
 "MMM"   1.42305486   0.95590078   1.09008089   1.09158298   1.09103434   108.76073173   108.69096967   110.18550549   112.09143948   131.09369138   250.00000000   371.34605380   250.81324839
 "MMM"   1.42290177   0.95599203   1.08991775   1.09176684   1.09106746   108.74418455   108.50553946   110.34260856   112.10001038   133.67439723   252.50000000   374.06511492   253.41317072
 "MMM"   1.42272332   0.95609817   1.08975618   1.09194271   1.09111564   108.72427419   108.32511660   110.49373035   112.10636511   136.25121175   255.00000000   376.77341755   256.00820977
 "MMM"   1.42252304   0.95621705   1.08959693   1.09210977   1.09117787   108.70152794   108.15098348   110.63802856   112.11058099   138.82337752   257.50000000   379.46908257   258.59748670
 "MMM"   1.42230501   0.95634631   1.08944053   1.09226691   1.09125335   108.67637228   107.98427559   110.77489917   112.11265107   141.38973041   260.00000000   382.15027401   261.18000147
 "MMM"   1.42207361   0.95648342   1.08928749   1.09241320   1.09134098   108.64927253   107.82600992   110.90384834   112.11260361   143.94927477   262.50000000   384.81547234   263.75491570
 "MMM"   1.42183343   0.95662567   1.08913826   1.09254769   1.09143971   108.62077114   107.67711452   111.02448937   112.11047066   146.50118196   265.00000000   387.46344680   266.32154292
 "MMM"   1.42158900   0.95677048   1.08899346   1.09266998   1.09154786   108.59135766   107.53839915   111.13653292   112.10630281   149.04485625   267.50000000   390.09331276   268.87938967
 "MMM"   1.42134485   0.95691518   1.08885366   1.09277909   1.09166427   108.56156531   107.41042856   111.23990420   112.10012547   151.57973786   270.00000000   392.70453110   271.42808965
 "MMM"   1.42110530   0.95705721   1.08871943   1.09287469   1.09178715   108.53187217   107.29374939   111.33457360   112.09197879   154.10559173   272.50000000   395.29685154   273.96748109
 "MMM"   1.42087453   0.95719413   1.08859140   1.09295654   1.09191474   108.50280632   107.18880608   111.42060823   112.08185292   156.62231384   275.00000000   397.87028337   276.49753240
 "MMM"   1.42065645   0.95732360   1.08847025   1.09302427   1.09204545   108.47491422   107.09593131   111.49814926   112.06969840   159.12987003   277.50000000   400.42503697   279.01830234
 "MMM"   1.42045457   0.95744358   1.08835648   1.09307782   1.09217741   108.44856231   107.01530663   111.56752721   112.05550085   161.62850625   280.00000000   402.96169282   281.53006636
 "MMM"   1.42027290   0.95755219   1.08825058   1.09311652   1.09230894   108.42409526   106.94717734   111.62912729   112.03900526   164.11782214   282.50000000   405.48047650   284.03276621
 "MMM"   1.42011275   0.95764761   1.08815347   1.09314140   1.09243870   108.40216966   106.89139007   111.68322019   112.02036084   166.59942175   285.00000000   407.98301381   286.52747852
 "MMM"   1.41997732   0.95772842   1.08806543   1.09315278   1.09256432   108.38307040   106.84791892   111.73045817   111.99929920   169.07315315   287.50000000   410.46991711   289.01435675
 "MMM"   1.41986823   0.95779359   1.08798758   1.09315044   1.09268463   108.36702222   106.81678195   111.77120544   111.97558367   171.53968779   290.00000000   412.94236849   291.49401876
 "MMM"   1.41978696   0.95784219   1.08792065   1.09313472   1.09279784   108.35429764   106.79780989   111.80604563   111.94903010   173.99951094   292.50000000   415.40137157   293.96696084
 "MMM"   1.41973467   0.95787351   1.08786496   1.09310612   1.09290266   108.34511188   106.79078730   111.83557866   111.91938822   176.45319771   295.00000000   417.84812702   296.43377491
 "MMM"   1.41971197   0.95788719   1.08782099   1.09306525   1.09299772   108.33960939   106.79546202   111.86040142   111.88640014   178.90137241   297.50000000   420.28387265   298.89508169
 "MMM"   1.41971382   0.95788718   1.08780095   1.09304099   1.09304099   108.33799109   106.80110071   111.87039825   111.87039664   180.00000000   298.62405599   421.37594633   300.00000077
 "MMM"   1.41975535   0.95786147   1.08777010   1.09294937   1.09315370   108.33996785   106.83871332   111.89827730   111.80930444   183.78370233   302.50000000   425.12727892   303.80366042
 "MMM"   1.41982035   0.95782267   1.08776400   1.09287596   1.09321243   108.34583654   106.87661621   111.91247873   111.76464738   186.21910714   305.00000000   427.53738366   306.25216360
 "MMM"   1.41991278   0.95776741   1.08777125   1.09279344   1.09325706   108.35540253   106.92487502   111.92424699   111.71555611   188.65147460   307.50000000   429.94133860   308.69760440
 "MMM"   1.42003108   0.95769660   1.08779209   1.09270280   1.09328682   108.36851852   106.98309115   111.93408491   111.66176855   191.08137516   310.00000000   432.34027778   311.14055098
 "MMM"   1.42017330   0.95761144   1.08782677   1.09260509   1.09330104   108.38499606   107.05084194   111.94244819   111.60303873   193.50933979   312.50000000   434.73527214   313.58153731
 "MMM"   1.42033716   0.95751330   1.08787533   1.09250140   1.09329932   108.40452248   107.12770710   111.94969847   111.53916603   195.93586560   315.00000000   437.12733493   316.02106684
 "MMM"   1.42052003   0.95740378   1.08793792   1.09239330   1.09328087   108.42679225   107.21326606   111.95613754   111.46998649   198.36140968   317.50000000   439.51733301   318.45958090
 "MMM"   1.42071903   0.95728463   1.08801438   1.09228179   1.09324583   108.45142720   107.30695478   111.96221220   111.39525675   200.78642686   320.00000000   441.90641709   320.89761465
 "MMM"   1.42093107   0.95715781   1.08810445   1.09216805   1.09319404   108.47787468   107.40832206   111.96812229   111.31494792   203.21121944   322.50000000   444.29534625   323.33552190
 "MMM"   1.42115287   0.95702518   1.08820838   1.09205397   1.09312539   108.50600569   107.51690724   111.97389900   111.22888101   205.63614532   325.00000000   446.68462458   325.77358997
 "MMM"   1.42138084   0.95688896   1.08832563   1.09194042   1.09304019   108.53511816   107.63220721   111.97971047   111.13704569   208.06139560   327.50000000   449.07497008   328.21212189
 "MMM"   1.42161144   0.95675136   1.08845585   1.09182878   1.09293886   108.56468208   107.75367879   111.98560677   111.03946503   210.48715346   330.00000000   451.46694435   330.65136594
 "MMM"   1.42184096   0.95661456   1.08859857   1.09172049   1.09282166   108.59419013   107.88069707   111.99164879   110.93625479   212.91356884   332.50000000   453.86114750   333.09157211
 "MMM"   1.42206578   0.95648073   1.08875350   1.09161684   1.09268926   108.62322421   108.01292127   111.99767086   110.82734026   215.34063682   335.00000000   456.25762120   335.53275267
 "MMM"   1.42228230   0.95635208   1.08891973   1.09151888   1.09254265   108.65119374   108.14967207   112.00366127   110.71295445   217.76835029   337.50000000   458.65678963   337.97504664
 "MMM"   1.42248697   0.95623064   1.08909666   1.09142799   1.09238243   108.67765247   108.29038943   112.00951332   110.59329276   220.19666503   340.00000000   461.05885938   340.41850814
 "MMM"   1.42267645   0.95611838   1.08928333   1.09134510   1.09220987   108.70213100   108.43447408   112.01510757   110.46859890   222.62543553   342.50000000   463.46392415   342.86311989
 "MMM"   1.42284764   0.95601710   1.08947870   1.09127123   1.09202613   108.72422353   108.58132328   112.02031206   110.33917615   225.05449786   345.00000000   465.87202843   345.30884210
 "MMM"   1.42299767   0.95592847   1.08968178   1.09120719   1.09183247   108.74355824   108.73033032   112.02499275   110.20536644   227.48363311   347.50000000   468.28312738   347.75558683
 "MMM"   1.42312385   0.95585389   1.08989125   1.09115374   1.09163041   108.75977848   108.88057098   112.02905097   110.06784806   229.91304110   350.00000000   470.69757629   350.20353913
 "MMM"   1.42322439   0.95579460   1.09010599   1.09111148   1.09142128   108.77270355   109.03203469   112.03232436   109.92647331   232.34156482   352.50000000   473.11431249   352.65195910
 "MMM"   1.42329747   0.95575156   1.09032452   1.09108097   1.09120659   108.78208534   109.18381691   112.03472265   109.78201468   234.76932563   355.00000000   475.53358520   355.10097028
